Converge
Tempreature data from precision refrigerator measured in degreese celcius over a prolonged cooling phase.
Rate_limit_cov
Start room temperature = 23.25

21.625000
21.562000
21.625000
21.562000
21.562000
21.562000
21.562000
21.562000
21.562000
21.500000
21.562000
21.500000
21.500000
21.500000
21.500000
21.500000
21.437000
21.437000
21.437000
21.437000
21.437000
21.437000
21.437000
21.375000
21.375000
21.375000
21.375000
21.375000
21.312000
21.312000
21.312000
21.312000
21.312000
21.312000
21.250000
21.250000
21.250000
21.187000
21.187000
21.250000
21.250000
21.187000
21.250000
21.187000
21.250000
21.187000
21.250000
21.187000
21.187000
21.187000
21.250000
21.187000
21.187000
21.250000
21.250000
21.250000
21.250000
21.250000
21.312000
21.250000
21.250000
21.312000
21.312000
21.312000
21.312000
21.312000
21.312000
21.312000
21.312000
21.375000
21.375000
21.375000
21.375000
21.375000
21.375000
21.375000
21.375000
21.437000
21.437000
21.437000
21.437000
21.437000
21.437000
21.437000
21.437000
21.500000
21.500000
21.500000
21.500000
21.500000
21.562000
21.562000
21.562000
21.562000
21.562000
21.562000
21.562000
21.562000
21.625000
21.562000
21.625000
21.625000
21.625000
21.625000
21.625000
21.625000
21.625000
21.625000
21.625000
21.625000
21.625000
21.625000
21.562000
21.625000
21.562000
21.562000
21.562000
21.562000
21.562000
21.500000
21.500000
21.500000
21.500000
21.500000
21.437000
21.437000
21.437000
21.437000
21.437000
21.375000
21.375000
21.375000
21.375000
21.375000
21.312000
21.375000
21.312000
21.312000
21.312000
21.312000
21.312000
21.312000
21.312000
21.312000
21.312000
21.250000
21.250000
21.250000
21.250000
21.187000
21.250000
21.187000
21.250000
21.250000
21.250000
21.187000
21.250000
21.187000
21.250000
21.187000
21.187000
21.187000
21.187000
21.250000
21.250000
21.250000
21.250000
21.250000
21.312000
21.312000
21.312000
21.312000
21.312000
21.312000
21.312000
21.312000
21.375000
21.375000
21.375000
21.375000
21.375000
21.375000
21.437000
21.375000
21.437000
21.437000
21.437000
21.437000
21.437000
21.437000
21.437000
21.437000
21.500000
21.500000
21.500000
21.500000
21.500000
21.500000
21.500000
21.500000
21.562000
21.562000
21.562000
21.562000
21.562000
21.562000
21.562000
21.562000
21.562000
21.562000
21.562000
21.562000
21.562000
21.625000
21.625000
21.625000
21.625000
21.562000
21.625000
21.562000
21.562000
21.562000
21.562000
21.500000
21.500000
21.500000
21.500000
21.500000
21.437000
21.437000
21.437000
21.437000
21.437000
21.375000
21.437000
21.375000
21.375000
21.375000
21.375000
21.375000
21.312000
21.312000
21.312000
21.312000
21.312000
21.250000
21.250000
21.250000
21.250000
21.250000
21.250000
21.250000
21.187000
21.187000
21.187000
21.187000
21.187000
21.187000
21.187000
21.187000
21.187000
21.312000
21.312000
21.312000
21.312000
21.312000
21.312000
21.312000
21.375000
21.375000
21.375000
21.375000
21.375000
21.375000
21.375000
21.437000
21.375000
21.437000
21.437000
21.437000
21.437000
21.437000
21.437000
21.437000
21.437000
21.437000
21.437000
21.500000
21.500000
21.500000
21.500000
21.500000
21.500000
21.562000
21.562000
21.562000
21.562000
21.562000
21.562000
21.562000
21.562000
21.562000
21.562000
21.562000
21.562000
21.562000
21.625000
21.562000
21.562000
21.562000
21.562000
21.562000
21.562000
21.562000
21.562000
21.562000
21.562000
21.500000
21.500000
21.500000
21.500000
21.437000
21.437000
21.437000
21.437000
21.437000
21.437000
21.375000
21.375000
21.375000
21.375000
21.375000
21.375000
21.375000
21.312000
21.312000
21.312000
21.312000
21.312000
21.250000
21.250000
21.250000
21.250000
21.250000
21.250000
21.250000
21.187000
21.187000
21.187000
21.187000
21.187000
21.187000
21.187000
21.187000
21.187000
21.187000
21.187000
21.187000
21.187000
21.187000
21.187000
21.187000
21.187000
21.250000
21.250000
21.250000
21.250000
21.250000
21.250000
21.250000
21.250000
21.250000
21.250000
21.312000
21.312000
21.312000
21.312000
21.312000
21.312000
21.312000
21.312000
21.375000
21.375000
21.375000
21.375000
21.375000
21.375000
21.437000
21.375000
21.437000
21.437000
21.437000
21.437000
21.437000
21.437000
21.437000
21.437000
21.500000
21.500000
21.500000
21.500000
21.500000
21.500000
21.500000
21.500000
21.500000
21.500000
21.500000
21.500000
21.562000
21.562000
21.562000
21.562000
21.562000
21.625000
21.562000
21.562000
21.562000
21.562000
21.562000
21.562000
21.562000
21.562000
21.562000
21.562000
21.562000
21.500000
21.500000
21.500000
21.500000
21.500000
21.500000
21.437000
21.437000
21.437000
21.437000
21.437000
21.375000
21.375000
21.375000
21.375000
21.375000
21.375000
21.312000
21.312000
21.312000
21.312000
21.250000
21.250000
21.250000
21.250000
21.250000
21.250000
21.250000
21.187000
21.250000
21.187000
21.187000
21.187000
21.187000
21.187000
21.187000
21.187000
21.187000
21.187000
21.187000
21.187000
21.187000
21.187000
21.187000
21.187000
21.187000
21.187000
21.187000
21.187000
21.250000
21.250000
21.250000
21.250000
21.250000
21.250000
21.250000
21.250000
21.312000
21.312000
21.312000
21.312000
21.312000
21.312000
21.375000
21.312000
21.375000
21.375000
21.375000
21.375000
21.375000
21.437000
21.375000
21.437000
21.375000
21.437000
21.437000
21.437000
21.437000
21.437000
21.500000
21.500000
21.437000
21.437000
21.500000
21.500000
21.500000
21.562000
21.500000
21.562000